v2.0 raw
00000005
00000018
0000bbbb
00abcdef
7fffffff
00000009
00000007
00000005
700ddddd
0000002a
00000000
00000000
00000001
80000000
00000000
00000000
00000000
00000001
00000002
00000003
00000004
00000005
00000006
00000007
00000001
00000002
00000007
00000001
00000003
00000007
00000001
00000004
00000007
00000001
00000005
00000007
00000001
00000006
00000007
00000001
00000007
00000007
00000001
00000008
00000007
00000001
00000009
00000007
00000001
00000017
00000003
00000001
0000000a
00000008
00000006
00000140
00000001
00000002
00000002
0000000e
00000001
00000003
00000002
0000000f
0000000b
00000002
00000010
00000005
0000014e
00000001
00000003
00000002
0000000e
00000001
00000002
00000002
00000003
00000001
0000000e
00000002
00000002
00000001
0000000b
0000000a
00000002
0000000b
00000001
00000016
00000003
00000001
0000000a
00000008
00000006
00000140
00000001
00000003
00000002
0000000e
00000001
00000004
00000002
0000000f
00000001
00000011
00000002
00000010
00000005
0000014e
00000001
00000004
00000002
0000000e
00000001
00000003
00000002
00000004
00000001
0000000e
00000002
00000003
00000001
0000000b
0000000a
00000002
0000000b
00000001
00000015
00000003
00000001
0000000a
00000008
00000006
00000140
00000001
00000004
00000002
0000000e
00000001
00000005
00000002
0000000f
00000001
00000012
00000002
00000010
00000005
0000014e
00000001
00000005
00000002
0000000e
00000001
00000004
00000002
00000005
00000001
0000000e
00000002
00000004
00000001
0000000b
0000000a
00000002
0000000b
00000001
00000014
00000003
00000001
0000000a
00000008
00000006
00000140
00000001
00000005
00000002
0000000e
00000001
00000006
00000002
0000000f
00000001
00000013
00000002
00000010
00000005
0000014e
00000001
00000006
00000002
0000000e
00000001
00000005
00000002
00000006
00000001
0000000e
00000002
00000005
00000001
0000000b
0000000a
00000002
0000000b
00000001
00000013
00000003
00000001
0000000a
00000008
00000006
00000140
00000001
00000006
00000002
0000000e
00000001
00000007
00000002
0000000f
00000001
00000014
00000002
00000010
00000005
0000014e
00000001
00000007
00000002
0000000e
00000001
00000006
00000002
00000007
00000001
0000000e
00000002
00000006
00000001
0000000b
0000000a
00000002
0000000b
00000001
00000012
00000003
00000001
0000000a
00000008
00000006
00000140
00000001
00000007
00000002
0000000e
00000001
00000008
00000002
0000000f
00000001
00000015
00000002
00000010
00000005
0000014e
00000001
00000008
00000002
0000000e
00000001
00000007
00000002
00000008
00000001
0000000e
00000002
00000007
00000001
0000000b
0000000a
00000002
0000000b
00000001
00000011
00000003
00000001
0000000a
00000008
00000006
00000140
00000001
00000008
00000002
0000000e
00000001
00000009
00000002
0000000f
00000001
00000016
00000002
00000010
00000005
0000014e
00000001
00000009
00000002
0000000e
00000001
00000008
00000002
00000009
00000001
0000000e
00000002
00000008
00000001
0000000b
0000000a
00000002
0000000b
00000001
0000000b
00000006
0000018e
0000000b
00000002
0000000b
00000001
0000000a
0000000a
00000002
0000000a
00000005
00000030
00000001
0000000e
00000003
00000001
0000000f
00000008
00000003
00000001
0000000d
0000000c
00000006
0000015c
00000005
00000175
00000001
0000000c
00000003
00000001
00000010
00000006
00000056
00000008
00000006
0000007d
00000008
00000006
000000a4
00000008
00000006
000000cb
00000008
00000006
000000f2
00000008
00000006
00000119
00000008
00000006
00000140
00000001
0000000c
00000003
00000001
00000010
00000006
00000045
00000008
00000006
0000006c
00000008
00000006
00000093
00000008
00000006
000000ba
00000008
00000006
000000e1
00000008
00000006
00000108
00000008
00000006
0000012f
00000001
00000002
00000007
00000001
00000003
00000007
00000001
00000004
00000007
00000001
00000005
00000007
00000001
00000006
00000007
00000001
00000007
00000007
00000001
00000008
00000007
00000001
00000009
00000007
00000000
